SdkRegistrants_1538932488778=com.gwtplugins.gwt.eclipse.sdkbundle.gwt27_2.7.0.201710131939,com.gwtplugins.gwt.eclipse.sdkbundle.gwt28_2.8.0.201710131939
eclipse.preferences.version=1
versionForLastForcedRebuild_Babel=3.0.0.201710131939
versionForLastForcedRebuild_BabelWeb=3.0.0.201710131939
versionForLastForcedRebuild_babel=3.0.0.201710131939
